-0.042774
-0.0072881
0.19377
0.15198
0.13785
0.33649
0.25129
0.49628
0.33142
0.381
0.42243
0.56459
0.70178
0.64867
0.72858
0.8145
0.71196
0.85362
0.77833
1.0308
0.87467
0.8198
0.90785
0.84567
0.78534
0.98912
0.99136
1.0449
0.90397
0.91436
0.94964
0.89943
1.2679
1.032
0.92316
1.022
1.091
1.0219
1.0294
0.96703
0.74709
0.79836
0.95463
0.80095
0.8167
0.81425
0.62265
0.70798
0.60789
0.46469
0.61059
0.44456
0.43502
0.30647
0.33406
0.39126
0.45651
0.1375
0.23583
0.20377
0.20556
0.17664
-0.11059
-0.044512
0.021901
-0.096917
-0.061301
-0.129
-0.064983
-0.60931
-0.42754
-0.47426
-0.62766
-0.58109
-0.42904
-0.60618
-0.55531
-0.52548
-0.75382
-0.79972
-0.92249
-0.84849
-0.92011
-0.89628
-0.92036
-0.99179
-1.0522
-0.99191
-0.96661
-1.0691
-0.95324
-1.0093
-1.0248
-0.90883
-0.7681
-0.9101
-0.9242
-0.97906
-0.9551
-0.896
-0.99305
-1.0682
-0.85489
-0.94453
-0.80927
-0.90382
-0.91612
-0.8991
-0.69668
-0.49351
-0.63133
-0.56306
-0.55689
-0.50595
-0.24875
-0.51852
-0.41024
-0.41468
-0.22796
-0.22513
-0.23402
-0.077217
-0.20174
-0.038707
0.020044
0.15739
0.053863
0.0033061
-0.13417
-0.14709
0.059063
-0.070018
-0.024119
-0.086942
0.01816
0.022788
0.17447
0.18179
0.10616
0.1084
-0.11697
0.12758
-0.094157
-0.15995
0.31663
0.031867
-0.066294
0.00079259
0.0069009
-0.207
-0.071555
0.052932
0.003554
-0.16629
-0.049149
-0.015007
0.0081332
-0.16788
0.025534
0.15291
-0.15927
0.043879
0.13437
0.038035
0.058906
-0.047504
-0.018519
-0.11447
-0.012151
-0.055262
-0.065803
0.14473
-0.011706
0.062993
0.037531
-0.10149
-0.18899
-0.14338
0.027594
-0.030121
0.07595
-0.037995
-0.13223
0.0096332
0.1101
0.026542
-0.018596
-0.042093
0.12681
0.091431
-0.042965
-0.13464
-0.091355
0.033333
-0.10926
-0.038695
-0.012244
-0.065978
-0.062448
-0.022631
-0.055084
-0.13423
0.073659
-0.091955
0.1035
-0.034341
-0.030788
0.12956
0.026109
-0.040227
-0.082696
-0.051722
0.039991
0.084713
0.0048011
-0.049292
0.033544
0.067121
-0.042166
0.14431
-0.036428
0.089829
0.096834
0.0056627
-0.0084666
0.087201
-0.18037
0.003374
0.0069139
0.036559
-0.088486
-0.14102
-0.26384
0.05451
0.1078
-0.044433
0.23793
-0.064098
-0.13113
-0.014569
0.010579
0.068235
0.012104
-0.076362
-0.1523
-0.058669
-0.13637
0.072359
-0.010363
-0.1853
0.036559
-0.092241
0.13504
0.0052198
0.022923
-0.078738
0.052302
0.0064903
0.021617
-0.032027
0.064338
-0.24392
0.016568
0.10482
-0.019067
0.057813
-0.05955
0.017275
-0.058398
0.1145
0.046994
0.13759
-0.004176
-0.0059309
0.03133
0.14484
-0.23901
-0.16766
0.12668
0.18935
-0.020477
0.13538
0.21702
0.01897
-0.045553
-0.047719
-0.025613
0.079867
-0.017065
0.20373
-0.033968
-0.071586
0.054452
0.023531
0.046253
-0.20939
-0.015
-0.18335
0.018534
0.076499
0.11796
0.075297
0.048408
0.077544
-0.0056661
-0.0038501
0.10204
0.10873
-0.047083
-0.17973
-0.22953
-0.16226
-0.10001
0.044712
-0.077584
-0.0085334
0.036939
-0.13862
-0.085025
-0.074938
-0.080179
-0.043925
0.078718
-0.050747
0.069431
0.034033
0.019186
0.097503
0.21402
0.14673
-0.1584
0.052991
-0.12468
-0.20108
-0.12107
-0.21819
-0.11313
0.13543
-0.047649
0.26807
0.039082
0.1004
-0.014599
-0.027958
-0.078337
0.016082
-0.14829
-0.085007
-0.10692
0.016834
0.15159
0.21575
-0.17557
0.034675
-0.06541
-0.10815
0.010338
-0.047186
0.0051119
0.076851
-0.093548
-0.015271
-0.17004
-0.038325
0.098885
-0.17457
0.039085
-0.1352
0.021899
-0.045029
-0.027853
-0.16039
-0.091107
-0.019302
0.0071679
-0.019131
-0.064123
0.13286
-0.019446
-0.07759
-0.075865
-0.0075599
0.0929
-0.042457
0.087157
0.022652
-0.056333
-0.081722
0.017734
-0.010333
-0.090499
-0.079434
0.053913
0.052166
-0.03114
0.082613
-0.034994
-0.01155
0.12348
-0.053992
-0.2043
-0.12889
0.029085
-0.021579
0.27513
-0.14151
-0.024387
0.0040251
-0.13738
0.10792
0.074393
0.15429
0.068752
-0.35502
-0.096705
0.031179
-0.081507
0.028337
-0.0066238
-0.05475
0.0068056
0.051297
0.11431
-0.089395
-0.057177
-0.072064
0.08479
0.15726
0.10557
0.1341
0.024928
-0.080171
0.067975
0.17264
0.050606
0.092921
-0.15435
0.057106
-0.015392
0.055333
0.12768
-0.063941
0.15059
-0.094339
0.0040832
0.030696
0.10668
-0.032315
-0.093587
0.14166
0.036264
-0.19137
0.031992
-0.17006
0.079092
0.13872
-0.018278
-0.090839
0.12269
-0.05107
-0.081847
-0.12618
-0.14676
0.027578
-0.033175
0.078848
-0.0056694
-0.020969
-0.17215
-0.077546
0.010443
-0.042815
0.1275
-0.18314
-0.01812
0.011458
-0.072236
0.0112
0.16613
-0.10504
-0.035088
-0.14191
0.072794
-0.12061
-0.085819
0.1423
0.082342
-0.075597
0.10165
-0.06591
0.010603
0.18344
0.22572
-0.044315
-0.0030011
0.10391
0.060751
-0.023302
-0.020947
-0.078403
-0.2272
0.034984
-0.018619
0.12863
0.44813
0.25404
0.45032
0.23623
0.52191
0.27303
0.45731
0.55804
0.63328
0.59968
0.54315
0.5672
0.65258
0.65684
0.73287
0.72571
0.97285
0.90134
0.92615
0.83506
0.96543
0.98644
0.87447
0.86061
0.79497
1.0821
0.8975
1.0047
1.007
1.004
0.92465
0.95689
0.93739
1.0891
0.82213
0.89837
1.0044
0.91645
0.73982
0.90008
0.52059
0.7095
0.88157
0.73881
0.73053
0.60281
0.53325
0.59856
0.71701
0.41355
0.53806
0.29337
0.25636
0.31573
0.11109
0.24566
-0.067158
-0.19143
-0.015892
-0.017761
0.026372
-0.13946
-0.10586
-0.2266
-0.23141
-0.44418
-0.402
-0.50017
-0.509
-0.2993
-0.71168
-0.60869
-0.68346
-0.65103
-0.54552
-0.66753
-0.85647
-0.96414
-0.76384
-0.97356
-0.96933
-0.87242
-1.09
-0.79851
-0.95779
-1.0029
-0.90769
-0.91425
-1.0236
-0.88977
-0.96199
-0.88487
-0.96212
-0.99864
-0.7932
-1.0325
-0.87444
-0.71672
-0.93914
-0.81088
-0.81669
-0.85559
-0.79113
-0.69698
-0.49194
-0.60032
-0.67578
-0.80942
-0.54636
-0.50287
-0.56445
-0.33946
-0.35527
-0.28862
-0.34798
-0.31904
-0.24804
-0.26249
-0.15342
0.022035
-0.22553
-0.1772
0.002659
0.032849
-0.094883
0.053644
0.1259
0.068374
-0.15634
-0.073056
-0.085381
-0.033875
-0.067128
-0.084161
0.19099
-0.033297
-0.015243
0.028636
-0.17322
-0.11416
0.046986
0.035139
-0.1161
0.11257
-0.0066739
0.014169
0.010928
-0.054997
-0.18313
-0.013088
-0.1565
-0.016467
0.020735
0.019796
-0.13863
0.03666
-0.12105
0.025167
0.06032
0.15984
-0.20508
0.082926
-0.016216
-0.007531
-0.05624
0.023415
-0.025862
-0.061876
-0.053861
0.061628
0.049163
0.11006
0.036294
-0.014589
-0.11384
0.031478
-0.030659
0.022152
0.087458
-0.049285
-0.048226
-0.025919
0.02126
0.20369
-0.087289
0.13399
-0.021543
0.08979
0.0059707
-0.053421
-0.02592
0.095887
0.12668
0.096102
-0.056376
-0.12888
0.040087
0.052798
-0.25126
0.0024231
0.20956
-0.018844
-0.064419
-0.10078
-0.1811
-0.048944
0.030143
-0.098391
0.025347
0.078797
-0.05933
0.04922
0.056548
-0.0042806
0.19564
-0.12722
0.027507
-0.092674
-0.072176
0.044097
0.10929
0.01701
0.13048
-0.093013
0.033816
-0.053089
-0.075736
-0.26316
0.076018
0.18749
0.049964
0.13763
0.005898
-0.12304
-0.087247
-0.080267
0.11024
-0.048036
0.0091442
-0.13331
-0.018306
-0.16259
-0.070242
0.075949
0.17097
0.048544
0.0097238
0.10733
0.072802
-0.24489
-0.17916
-0.083336
-0.087361
-0.16002
-0.067825
-0.093118
0.11002
-0.060998
-0.1276
-0.041627
-0.068497
0.026216
-0.023129
-0.14855
0.058032
-0.036395
-0.060003
-0.08518
0.079389
-0.010893
-0.15528
0.21708
-0.03417
0.027106
0.035483
-0.13065
0.12211
0.025112
0.014365
0.13506
0.01591
-0.17223
-0.001606
0.1167
0.12126
0.026468
-0.16935
0.10964
-0.0057384
0.019189
0.12813
0.040276
-0.37222
-0.16637
-0.082801
-0.12913
0.015346
0.015196
-0.069311
0.11695
-0.078808
-0.034559
-0.066738
-0.089646
0.0054617
-0.13942
-0.031219
0.083032
0.081378
-0.19461
0.040672
-0.045798
0.045054
0.017212
-0.031608
-0.0013316
0.06079
0.072602
-0.074969
-0.13274
-0.041905
0.102
0.034281
0.0394
-0.044253
-0.076566
0.2077
-0.010517
-0.0033247
-0.02737
0.0069715
-0.031951
-0.10442
0.049294
0.14398
0.018487
-0.074415
0.0056428
0.10203
0.17831
-0.14052
0.011401
-0.043328
0.05446
0.016892
-0.058863
-0.18072
-0.12142
-0.06064
-0.02737
0.11757
-0.059457
0.037203
0.090582
0.023166
0.0084798
-0.061055
0.084132
0.16286
0.047554
0.030731
0.023537
0.1034
-0.03309
-0.051219
0.053186
-0.030648
0.089182
-0.14639
0.13264
-0.073062
0.023855
-0.046788
0.071357
-0.14175
-0.10673
0.16324
-0.097539
-0.069836
0.0062317
-0.07987
0.014671
0.11759
0.0068684
0.17262
-0.14497
-0.028464
-0.087404
0.03685
-0.12617
-0.17596
-0.039353
-0.1815
-0.089811
-0.05473
-0.16704
0.056392
0.030561
-0.062715
-0.13923
-0.02753
-0.016785
-0.21729
0.13074
0.043553
-0.17535
0.19781
-0.015355
-0.14734
-0.092604
0.026271
-0.14398
-0.047354
-0.010151
-0.042497
0.020367
-0.071201
-0.025052
0.019073
-0.22201
-0.19182
-0.10671
0.0079854
0.020279
-0.073112
0.13124
0.1133
-0.017711
0.33255
-0.036531
0.098339
-0.0063022
-0.17249
0.18798
-0.10636
0.0073731
0.19208
0.064273
0.0371
-0.014542
0.02452
0.18902
-0.046096
-0.022154
-0.045558
-0.041205
-0.017248
0.061887
0.0088209
-0.076072
0.1652
-0.086957
-0.033044
0.0080097
-0.16822
-0.10091
-0.12937
-0.26643
0.2133
-0.073035
0.084006
0.0017194
-0.099414
-0.004039
0.040474
-0.11428
0.11981
0.11968
-0.0097376
0.061435
-0.12186
0.057187
-0.012831
0.16085
-0.095707
0.20115
0.0020085
0.044551
0.14495
0.1103
-0.087586
-0.091524
-0.091482
0.10748
-0.01357
-0.044471
0.0082517
0.10358
-0.015889
0.030928
-0.23154
-0.066758
-0.10666
-0.063916
-0.076197
-0.042211
-0.049133
0.11642
0.24478
-0.0020755
0.37658
0.37896
0.30873
0.50532
0.41883
0.33837
0.59809
0.75221
0.49384
0.51196
0.76521
0.68657
0.58841
0.88239
0.77537
0.74124
0.79049
0.82458
0.99155
0.80339
0.98467
1.0546
0.88209
1.013
0.82312
1.0646
0.8865
1.0806
1.0421
0.95373
0.84048
1.1127
0.98335
1.1219
0.93861
0.74112
1.0668
0.84521
0.94108
0.74854
0.85196
0.84226
0.8261
0.73887
0.64729
0.62655
0.6015
0.45512
0.54034
0.33395
0.20382
0.36396
0.31914
0.27273
0.37858
0.27472
0.28755
0.072684
0.090864
-0.10977
-0.12427
-0.3262
-0.19432
-0.15795
-0.40518
-0.36955
-0.46676
-0.52123
-0.39506
-0.52224
-0.49731
-0.57243
-0.55779
-0.91469
-0.82701
-0.77595
-0.75598
-0.70592
-0.91261
-0.93484
-0.92632
-0.84944
-0.92711
-0.84157
-1.0453
-0.93842
-0.94975
-1.1593
-0.96908
-0.82603
-1.1185
-1.0586
-1.0901
-0.86662
-1.0237
-0.879
-1.1022
-1.1012
-0.79807
-0.81502
-0.82064
-0.72406
-0.78402
-0.74477
-0.81228
-0.68802
-0.7614
-0.70118
-0.61899
-0.51509
-0.32502
-0.40264
-0.35374
-0.29298
-0.179
-0.19261
-0.19493
-0.19473
-0.041446
-0.219
0.0041733
0.094324
-0.022795
0.057682
0.017243
0.058503
-0.049347
0.16713
0.039661
0.014101
-0.11906
-0.019315
-0.14456
-0.028859
-0.12291
-0.0063966
0.015221
-0.048455
0.16329
0.13689
0.14139
0.059073
0.078
-0.065724
0.013181
-0.11224
0.023985
0.11422
-0.11009
-0.020888
-0.14661
0.060628
0.12308
0.11435
-0.10257
-0.070903
-0.010216
-0.039512
-0.052755
-0.25245
0.063668
-0.023442
0.069336
0.026453
-0.29785
-0.030131
0.078608
0.10452
-0.031722
0.052052
0.023798
0.092187
0.19636
-0.091144
0.20999
0.021446
-0.079903
-0.081034
0.011777
0.013802
0.041091
0.082701
0.036159
-0.10245
-0.069016
-0.075889
-0.059045
0.035515
0.034072
-0.022754
-0.099884
-0.032585
0.059705
-0.012961
0.14403
-0.081839
0.029418
0.11514
-0.086027
-0.0056095
-0.12147
-0.09311
-0.14473
-0.093475
0.036763
-0.024015
0.058304
0.10277
0.036256
0.077548
0.075498
0.23573
0.07572
-0.1492
0.029577
0.066741
0.094266
0.081714
-0.049191
0.0027691
0.03452
0.021574
0.2029
-0.16045
0.085568
0.11864
-0.05906
0.049566
-0.0089002
-0.10334
0.010067
0.16681
-0.039915
0.062752
-0.11213
-0.092166
-0.1239
-0.14347
-0.094252
-0.089964
-0.044206
-0.16435
-0.050685
-0.077492
-0.079373
-0.031684
0.11718
-0.00047979
0.042103
0.15855
0.06846
0.012939
0.1086
0.22299
-0.051696
0.084837
-0.081399
-0.12485
-0.067741
-0.0073732
-0.19617
-0.15986
-0.0057066
0.060056
0.078545
0.043734
-0.01798
0.053002
0.24929
0.19768
-0.0059381
0.14144
-0.062058
0.03508
0.014442
0.07633
-0.12149
0.062426
0.016863
0.032876
-0.10286
-0.039358
-0.15441
-0.073386
-0.09699
-0.034963
0.016924
0.084796
-0.10691
0.029362
0.10865
0.096132
-0.15944
0.073202
-0.016877
0.13814
0.09293
-0.034885
0.026942
0.051085
-0.24612
-0.061399
-0.039545
-0.11448
-0.22324
0.084004
-0.061379
0.11722
-0.095824
0.095313
0.070345
0.05599
-0.1038
-0.017832
-0.046994
-0.095989
-0.044503
-0.16212
-0.015739
-0.019746
-0.083137
0.063733
-0.10486
-0.024818
0.052491
0.021322
-0.23974
-0.077242
-0.04061
-0.055332
-0.1353
-0.0043116
-0.016763
0.12796
0.011222
0.070548
-0.01304
-0.18255
-0.14733
-0.07514
-0.043373
0.057635
-0.083446
-0.06288
0.025585
-0.056205
-0.12284
-0.055404
-0.068028
0.069116
0.022194
0.054593
-0.045975
0.21167
0.01091
-0.091983
-0.13236
0.009865
-0.040664
-0.13519
-0.046982
-0.1628
0.068242
0.19437
0.074024
-0.032318
0.13596
0.029103
-0.2219
-0.014463
0.00787
0.056222
-0.016428
0.11737
-0.13284
0.24592
0.13522
-0.024677
0.028802
-0.087267
-0.093076
0.0076155
0.098566
0.092584
0.21315
-0.032583
-0.022301
-0.27343
-0.030855
0.014611
0.0037733
-0.064765
-0.12874
-0.041102
0.22005
-0.092905
0.00026644
-0.11576
0.11645
0.078644
0.016034
-0.0047539
0.14789
0.057777
-0.00035318
0.013666
0.1539
0.049484
0.026886
0.056857
-0.0098591
-0.098722
0.036761
-0.16223
-0.069415
0.10579
-0.069458
0.027011
-0.021527
0.027746
0.04236
-0.050092
-0.21246
0.10212
-0.055792
0.02848
0.096956
-0.10824
0.12562
0.074117
0.012238
-0.035879
0.12052
0.044578
0.053234
0.26929
0.055464
0.11765
-0.0050684
0.18023
-0.0095097
-0.099499
-0.0016643
-0.1716
0.12576
-0.11842
0.028164
0.091435
0.048275
0.037355
-0.086448
-0.0055051
0.09304
-0.076358
-0.12357
-0.069867
0.085444
-0.027457
0.022287
-0.17448
-0.077263
-0.069948
-0.12659
0.1174
0.10399
-0.15672
0.024987
-0.096555
-0.016575
0.0045679
0.17096
0.037044
-0.065645
0.083138
0.0876
0.013831
0.22422
-0.016677
-0.045905
0.054619
-0.13023
-0.041152
-0.054008
0.13665
0.070685
0.060757
0.091982
0.089939
0.0032717
-0.14159
-0.16809
0.0037781
0.16635
0.0831
0.10477
0.17938
-0.048512
-0.012714
0.21136
0.079726
0.4213
0.33971
0.23582
0.30995
0.44654
0.51168
0.60214
0.56296
0.4698
0.62142
0.49775
0.74659
0.782
0.77343
0.6982
0.94808
0.94744
0.80316
0.76437
1.0194
0.9986
0.95773
0.99361
1.0492
0.94535
1.1503
1.0334
0.92335
0.94937
1.1453
0.92348
0.87348
1.0835
0.98606
1.1581
0.89217
0.96161
0.87241
0.89187
0.66179
0.81574
0.83507
0.72422
0.653
0.65396
0.40318
0.69546
0.56318
0.54036
0.50586
0.42304
0.48914
0.18747
0.24318
0.30971
0.14997
0.16546
-0.11134
0.034875
0.057692
-0.32518
-0.17499
-0.32662
-0.35367
-0.24008
-0.23828
-0.4153
-0.49232
-0.30508
-0.53758
-0.53321
-0.6469
-0.60064
-0.81118
-0.72264
-0.84733
-0.80994
-0.75181
-0.65271
-0.91955
-0.84448
-0.96466
-0.92881
-0.67588
-0.94994
-1.0392
-0.88825
-0.90239
-1.1509
-1.064
-1.0435
-1.0202
-0.97798
-1.0356
-0.92473
-0.90706
-1.022
-0.88137
-1.01
-0.79186
-0.87003
-0.74876
-0.89012
-0.68057
-0.75242
-0.69623
-0.67854
-0.54498
-0.391
-0.43935
-0.48236
-0.51515
-0.38595
-0.44707
-0.3081
-0.15645
-0.21005
-0.03215
-0.15099
-0.0068945
0.033004
-0.14001
-0.052188
0.10049
-0.11378
-0.015325
-0.097425
-0.09795
-0.092145
0.082314
0.00065651
0.037413
-0.05552
-0.012464
0.083697
-0.12875
-0.075851
0.10206
0.16944
-0.086319
0.043928
-0.12469
0.06577
0.013313
-0.10138
0.050897
0.12645
-0.015761
-0.089863
-0.1118
-0.12419
0.039846
0.033939
-0.078358
0.075403
-0.10656
0.14874
-0.21277
-0.027377
0.075331
0.0012275
0.004907
-0.050852
0.19653
-0.046034
0.0698
0.12113
-0.033976
0.14486
0.044391
-0.14878
-0.047128
-0.014522
0.063792
0.071271
0.069706
-0.1447
-0.15258
0.13455
0.082345
0.041218
0.15462
0.18469
-0.07723
0.0041903
0.043107
0.012037
0.020281
0.019415
0.10866
-0.27487
-0.00058918
-0.025043
-0.04687
0.014401
0.053421
-0.028494
0.0018134
-0.16499
-0.11143
-0.037331
-0.017038
-0.1067
-0.11806
0.061292
0.013483
0.13769
0.054574
-0.11656
-0.22186
0.013924
-0.022714
0.055456
0.091397
-0.020018
0.014879
-0.072136
0.12013
0.0051885
-0.053259
-0.045745
0.18183
0.050796
0.042044
0.033693
0.045433
0.047225
0.00063762
0.17116
-0.023943
-0.084344
-0.041275
0.1183
0.078152
0.1172
-0.021415
0.015094
-0.18143
0.09456
-0.010749
0.0056039
0.10135
-0.027337
0.043084
-0.071785
-0.053184
0.054166
-0.021177
-0.15657
-0.053787
0.29095
0.049283
0.02151
-0.040901
-0.18195
0.01356
-0.3079
-0.092338
-0.14551
-0.021329
0.10736
0.051595
-0.044367
-0.16265
-0.053317
-0.11856
0.042948
-0.058562
0.14167
-0.011738
-0.15189
0.0079236
0.071737
-0.049594
0.061774
0.03393
0.038445
-0.032655
-0.012764
-0.013427
-0.012848
-0.14557
-0.0018266
-0.11904
0.012795
-0.11664
0.13628
0.082098
-0.053919
0.20646
0.11394
0.08534
-0.20728
-0.12658
-0.070228
-0.032769
-0.13116
0.065508
-0.052271
-0.016537
-0.054855
-0.0088259
0.13722
-0.18305
-0.096146
-0.047091
0.055474
-0.10231
-0.052478
0.070348
-0.12279
0.10476
0.034218
0.056991
-0.0014889
-0.099745
-0.15995
0.015338
0.071556
0.07242
-0.0086046
0.16481
0.018503
-0.040299
0.010522
-0.061597
0.068753
0.15568
0.10401
0.024826
-0.13608
-0.063667
0.040304
-0.00766
0.13824
0.066086
-0.14337
0.063298
0.066861
0.17507
0.0085326
0.026302
-0.15754
-0.046034
-0.14935
-0.014797
-0.077948
-0.12881
-0.00044852
-0.08407
0.12678
0.22274
0.015266
0.028226
-0.19583
0.14974
-0.062383
0.03909
-0.02013
0.034356
-0.0086392
0.013069
-0.10641
0.013269
-0.14884
-0.010857
0.018259
-0.027845
0.032572
0.0885
-0.1594
-0.14554
-0.061978
0.042821
0.03457
-0.035534
0.05801
0.20788
-0.1079
-0.084608
-0.183
0.013361
0.079479
-0.03715
0.109
-0.023156
0.02437
0.10139
0.058791
0.031569
0.14265
-0.091406
-0.046475
0.02962
-0.035704
-0.056386
0.072038
-0.050764
0.039506
-0.018337
-0.04358
0.045725
0.02911
-0.19737
-0.033906
-0.10786
0.01119
-0.071747
-0.0014159
0.12536
0.17018
0.079855
-0.15981
0.14672
0.10751
0.025344
0.24305
-0.046095
0.17937
-0.11065
-0.039723
-0.11726
0.056261
0.036394
-0.065122
-0.1407
-0.26976
-0.095362
-0.14345
0.066108
0.10774
-0.20022
-0.17474
-0.047895
0.094734
0.12532
0.14705
-0.039639
-0.065761
-0.10338
0.055093
0.07648
-0.15301
-0.013983
-0.053131
0.060216
0.11439
0.11995
0.048749
-0.041872
-0.047766
-0.11743
0.11643
-0.089836
-0.19473
-0.082701
0.14511
0.025283
-0.036676
0.02043
0.038844
0.043795
-0.018028
0.22844
0.10582
-0.24769
-0.095141
-0.0032491
0.049718
-0.028475
-0.0045865
-0.032492
-0.13164
0.21298
-0.019612
0.23247
-0.089022
-0.025718
-0.13088
-0.08556
0.090204
0.075576
-0.087547
0.015096
-0.04404
0.082765
-0.076932
0.15558
-0.15504
0.029075
-0.1513
-0.072565
-0.10756
0.15488
-0.016252
0.032582
-0.14419
-0.045358
0.13593
0.14112
0.26736
0.36636
0.20742
0.25025
0.43997
0.42831
0.48659
0.44041
0.47641
0.65679
0.80739
0.65432
0.83561
0.89573
0.89798
0.97241
0.88452
0.71292
0.81543
0.9035
0.79256
0.90172
1.0955
0.90148
1.0088
1.023
1.1832
0.97482
1.0633
0.87173
0.90075
1.0122
1.0205
0.90692
0.96523
0.85168
0.95523
0.80411
0.87377
0.856
0.93406
0.64781
0.74617
0.51633
0.66406
0.69054
0.46455
0.50845
0.60816
0.60597
0.39456
0.49589
0.28351
0.16326
0.19091
-0.022832
0.018543
-0.011473
0.13784
-0.028394
0.10325
-0.10691
-0.16593
-0.27303
-0.38852
-0.33036
-0.43197
-0.59612
-0.43381
-0.54546
-0.54507
-0.66415
-0.58283
-0.74882
-0.68921
-0.69194
-0.80331
-0.9128
-0.82478
-0.76663
-1.1156
-0.90756
-0.92364
-0.91914
-1.0059
-0.94571
-1.0439
-0.96934
-0.8839
-1.0091
-1.1066
-1.0052
-0.94506
-1.0066
-0.80195
-0.99826
-0.98026
-0.75599
-0.86794
-0.82082
-0.71528
-0.88628
-0.80935
-0.67181
-0.80446
-0.66508
-0.76771
-0.56117
-0.3477
-0.54522
-0.52553
-0.27429
-0.48816
-0.38496
-0.30264
-0.18995
-0.3102
-0.24821
-0.070724
-0.069563
-0.1676
-0.17236
-0.17321
0.001981
0.045313
0.066707
-0.1062
-0.20108
0.059223
-0.0084205
-0.0017747
-0.04061
-0.031156
0.19018
-0.015385
0.051079
-0.21713
-0.14873
-0.07817
0.014679
0.036166
0.25098
-0.17573
-0.17281
-0.028118
-0.086942
-0.10386
0.095289
-0.042668
0.046852
0.020345
-0.16007
0.076586
-0.025631
-0.066216
-0.015319
0.039334
0.1105
0.010209
-0.17247
0.083433
-0.054648
0.18452
0.061003
0.065415
-0.034103
-0.084325
-0.07299
-0.12966
-0.082368
0.11819
-0.059826
-0.0059572
0.15574
-0.049871
-0.020145
0.069134
0.019941
0.04626
-0.037836
-0.017689
0.16199
0.20215
-0.0034359
-0.077406
-0.0090828
-0.057742
-0.071855
-0.19744
-0.15501
-0.0029375
-0.064709
0.13223
-0.18512
-0.092869
0.050276
0.0469
-0.044021
-0.10034
-0.23712
-0.047582
0.046954
-0.012097
-0.13692
0.095576
0.073697
-0.019037
0.0082204
0.007365
0.017838
0.077184
-0.036032
0.1589
-0.11447
-0.032195
-0.080087
-0.066574
-0.16519
0.11657
0.0076282
-0.012692
0.0096215
-0.071076
-0.036995
0.089737
-0.0066568
0.051102
0.065537
0.10282
-0.053497
-0.074526
0.037945
-0.094283
0.11756
-0.10733
0.10916
0.16264
-0.12885
0.11821
0.051899
0.011566
-0.023797
-0.01857
0.088292
-0.06467
-0.06098
0.30903
0.15915
0.10873
0.095801
-0.0025374
-0.17396
-0.019103
0.076144
0.067156
0.16044
0.12222
0.045383
-0.055173
-0.028267
0.051062
-0.047101
-0.044476
0.14544
-0.013378
-0.15812
-0.21928
0.024519
-0.047906
-0.039742
-0.013962
0.0037233
-0.10191
-0.0025347
-0.21957
-0.093387
-0.039416
0.027739
0.027781
0.12668
0.16823
0.044496
-0.082657
0.053326
0.12527
0.11283
0.010248
-0.14556
-0.12887
-0.03661
0.052062
-0.058941
-0.15688
0.1321
-0.045256
0.10004
0.04371
-0.13053
0.0055143
0.067387
-0.068573
-0.069432
0.032033
-0.10378
-0.068169
0.13258
-0.034383
0.045466
-0.048881
-0.15437
-0.047844
-0.056153
0.020108
-0.050305
0.10104
-0.20558
0.038899
-0.053222
0.09646
0.0068244
0.16319
-0.040852
-0.031751
0.047525
0.10535
-0.12079
-0.265
-0.019041
0.024891
0.15232
-0.02607
0.0091814
0.067047
-0.061848
-0.1014
-0.022992
-0.17766
0.050555
-0.10364
-0.15556
0.005854
0.04784
-0.023453
0.05309
0.075418
0.068187
-0.020792
0.026535
-0.055227
0.15097
-0.071997
-0.11526
-0.062618
-0.069426
-0.12785
-0.12769
0.17293
0.0067133
-0.092377
0.10671
-0.095845
0.15342
-0.029163
-0.076865
0.13203
-0.05577
0.00089443
0.072716
0.029038
-0.063905
-0.21063
-0.07821
0.06825
0.10764
0.024563
0.092711
0.032281
0.14523
0.14991
-0.058331
0.0020161
0.060128
0.12833
0.014765
-0.051483
-0.0029904
-0.1333
-0.05322
-0.085953
0.018231
-0.024413
0.11457
0.019643
-0.11335
0.043926
-0.099521
0.020732
0.24453
-0.043764
0.020167
0.11458
-0.10151
0.12543
-0.040083
0.08327
-0.05338
0.17307
0.11932
-0.068613
0.18292
-0.027944
0.080661
0.017788
-0.00048725
0.2031
-0.15386
-0.15174
0.081188
-0.21636
0.082166
0.1307
-0.14864
-0.0032526
-0.059876
0.093268
-0.063327
0.080379
-0.07643
0.10774
0.037281
-0.11859
-0.11511
0.0056649
-0.1978
0.091575
0.14765
0.066135
-0.11475
0.024049
0.22377
0.12577
0.05458
0.087411
0.13434
0.019208
-0.010652
-0.026978
0.016153
-0.023228
-0.076412
-0.092966
0.060787
-0.056511
-0.094118
-0.13713
-0.13736
0.068661
-0.036405
0.061905
0.12154
-0.026683
0.072545
0.2896
-0.033537
0.044761
-0.030547
0.11169
-0.040022
-0.041715
0.066298
-0.0021753
-0.068464
-0.21668
-0.14079
-0.054066
0.078831
0.069893
0.054619
0.10278
-0.019937
0.038157
-0.0061854
0.044923
-0.01855
0.10328
-0.15617
0.23619
-0.027026
-0.12321
-0.1145
-0.0041269
0.13018
-0.094331
0.041902
-0.082577
0.095467
-0.055167
-0.029102
0.31881
0.17938
0.33212
0.3464
0.32039
0.48265
0.38295
0.495
0.32992
0.40677
0.64779
0.5767
0.61036
0.72739
0.46189
0.72273
0.68279
0.868
0.8517
0.72115
0.88787
0.89638
0.99019
0.89157
0.83313
0.97197
1.0386
1.031
1.0648
0.90633
0.91352
0.92796
1.0502
1.0079
1.0032
1.0559
1.0055
0.90154
0.91397
1.0972
0.99281
0.77591
0.60431
0.71952
0.73822
0.4892
0.78166
0.75404
0.5701
0.48975
0.56044
0.5135
0.38155
0.29167
0.32512
0.4368
0.055796
0.32323
-0.082455
-0.033044
0.057447
0.060302
-0.18752
-0.16981
-0.28292
-0.40477
-0.18527
-0.39544
-0.3913
-0.22909
-0.45112
-0.53158
-0.49924
-0.58807
-0.77201
-0.61554
-0.72395
-0.76766
-0.71458
-0.80121
-0.90344
-0.99509
-0.83269
-0.84021
-0.91743
-0.94497
-0.97705
-0.99136
-1.0095
-0.85151
-0.88266
-1.0373
-0.92474
-1.0528
-1.0601
-0.99176
-0.94735
-1.0107
-1.0817
-0.83892
-0.94242
-0.87205
-0.79017
-0.81242
-0.78851
-0.72301
-0.66992
-0.74662
-0.61617
-0.55143
-0.53599
-0.68123
-0.37056
-0.54442
-0.19983
-0.41345
-0.32132
-0.14172
-0.33711
-0.10505
-0.027601
0.0031448
-0.072712
0.045516
-0.097955
0.02988
-0.055178
0.018929
-0.081578
0.041313
-0.049195
-0.085188
-0.22065
0.047055
0.17385
-0.055537
0.14389
-0.01847
-0.081223
0.0082638
-0.040827
0.069441
-0.085928
0.01294
0.028777
0.012725
0.028654
-0.042358
-0.1479
0.033808
-0.094563
0.11136
-0.030801
0.086274
0.17243
-0.033935
-0.060178
0.11117
0.03169
0.0037283
0.014222
-0.073902
0.10498
-0.045989
0.11101
-0.048615
0.14559
0.029713
-0.31027
-0.018259
0.126
-0.031887
-0.065064
0.044884
0.1464
0.074193
0.011328
0.051522
0.051833
-0.018015
0.03976
-0.0012931
0.070147
0.062109
-0.14275
-0.054693
-0.12305
0.0096068
-0.22777
-0.011804
0.10582
0.043629
0.14115
-0.0014612
-0.053779
-0.18348
0.26355
0.029077
0.10656
0.053523
-0.038734
-0.031964
-0.25245
-0.10063
-0.042416
-0.066121
0.072757
0.045661
-0.050617
-0.11846
0.078179
-0.0080383
0.033416
0.034604
-0.011949
0.07162
0.022794
0.0046656
-0.10647
0.003986
0.091686
-0.040876
0.040108
0.063498
0.33306
-0.071846
-0.020397
-0.042991
-0.1533
0.01837
0.032542
-0.036246
-0.0044953
-0.010238
-0.030221
-0.085359
-0.07193
-0.091703
0.069891
-0.0025878
0.032805
-0.070106
-0.21663
0.0049773
0.062612
0.11436
-0.18217
0.029689
0.015851
0.004615
-0.011061
0.19447
-0.1158
0.020139
0.044179
-0.19767
0.043881
0.1458
-0.028683
-0.029127
-0.14562
0.030305
0.10366
-0.12574
-0.13514
-0.060042
0.0096061
0.11207
0.056206
-0.0082256
-0.084358
0.0060899
0.053887
-0.072178
0.023
0.027013
0.13266
0.15561
-0.18632
0.10945
-0.064948
-0.13124
-0.060638
-0.047735
0.031242
-0.021576
-0.13521
-0.034827
-0.19073
0.15823
-0.064368
0.069539
0.066729
-0.065441
-0.15272
-0.15316
0.080701
-0.011968
0.10629
-0.046791
-0.29273
-0.10851
0.079572
0.020782
0.18707
0.034652
-0.17931
0.24827
0.1073
-0.14599
0.0221
-0.0044517
-0.075776
-0.18137
-0.094692
0.027456
-0.055591
-0.085714
0.004914
0.26058
0.024564
0.076933
-0.054138
-0.15574
-0.11271
0.054229
0.0048174
-0.0047135
0.086092
0.20811
0.096293
-0.03348
0.030113
0.094112
0.0070398
0.14734
0.1236
0.059916
-0.15564
-0.11961
-0.10089
0.10476
-0.0025926
0.19011
-0.012038
-0.0010539
-0.022409
0.12839
0.10538
0.018659
-0.050026
-0.037539
-0.036302
0.068123
0.10139
0.1645
0.10382
-0.10779
0.1006
0.012645
-0.070917
-0.020085
-0.014434
0.00019629
0.014172
-0.01355
-0.044465
0.12325
0.14471
0.054511
0.0069841
0.14222
-0.03688
-0.030137
0.0056775
0.099611
-0.010187
0.054923
-0.010013
0.022301
-0.1978
0.13967
0.10066
-0.10602
-0.24749
0.16568
0.0059075
0.093387
0.059292
0.041365
0.11736
0.0476
-0.1705
0.067967
-0.034034
0.019393
0.021959
0.034322
-0.055771
-0.057144
-0.10742
0.1097
0.009393
0.045322
0.10348
-0.1156
-0.11348
-0.017627
0.069062
-0.086893
-0.075154
0.053418
0.031429
0.055712
0.069253
0.10445
-0.17367
0.014468
0.036828
-0.17014
0.009321
0.10674
-0.15208
0.0042261
-0.057606
0.070695
-0.11223
-0.11305
0.12947
0.048223
0.137
0.086708
0.061541
0.012011
-0.13218
-0.00068089
0.020622
0.050664
-0.09124
0.009132
0.17182
-0.055142
0.010611
0.01776
-0.091753
0.036213
0.021159
-0.23771
0.22158
0.13753
0.12109
0.085756
-0.034227
-0.11991
-0.046981
0.050256
0.19107
-0.1002
0.18676
-0.10523
0.080365
-0.0072668
-0.1952
0.24997
-0.12066
-0.070742
-0.045093
-0.037542
0.021287
0.032928
0.20921
0.14218
0.096322
-0.06574
0.10743
-0.019887
-0.028872
0.054588
-0.11954
-0.24051
-0.041355
-0.084336
0.085335
-0.026255
0.14396
-0.052478
0.06263
0.049037
0.039213
-0.096929
0.0060152
-0.012658
-0.057716
-0.030518
-0.048328
-0.031029
-0.086155
-0.122
-0.06455
0.021735
0.20121
0.092621
0.35705
0.11452
0.48937
0.36509
0.17769
0.51108
0.26277
0.56308
0.79639
0.59549
0.70007
0.75626
0.6873
0.84081
0.75329
0.90861
0.74884
0.88139
0.86875
0.84112
0.94661
0.80677
0.8041
0.8342
0.90813
1.0791
1.0037
1.1248
1.0974
0.94676
0.85239
0.9823
0.9333
1.0766
0.86439
1.0769
0.92323
0.92079
0.77714
0.71918
0.77317
0.76089
0.5787
0.70001
0.57451
0.65424
0.66889
0.33987
0.41274
0.41329
0.1692
0.087891
0.13001
0.34019
0.36316
0.087639
0.056013
0.068422
0.081447
0.037335
0.14943
-0.10415
-0.3181
-0.018788
-0.39915
-0.4178
-0.30364
-0.42284
-0.47848
-0.52837
-0.70523
-0.74065
-0.81902
-0.61338
-0.81437
-0.93222
-0.74312
-0.84616
-0.97896
-0.84532
-0.85384
-0.86862
-0.99876
-0.98953
-1.0113
-0.96308
-0.93742
-0.83059
-1.0602
-1.0629
-1.0164
-0.87874
-1.0283
-0.88669
-1.0416
-1.0397
-0.75644
-0.83292
-0.84102
-0.87368
-0.90862
-0.70324
-0.67765
-0.93495
-0.83998
-0.7258
-0.50296
-0.573
-0.4405
-0.58668
-0.43759
-0.50255
-0.58187
-0.31653
-0.29546
-0.32682
-0.25629
-0.22937
-0.049122
-0.15473
0.059186
-0.029161
-0.023618
-0.087678
-0.083682
-0.067295
-0.09197
-0.070642
-0.064205
-0.15197
-0.17454
-0.31289
0.054569
-0.097473
0.022101
-0.039422
0.083784
0.03794
0.14796
0.023817
0.053898
-0.037873
-0.091468
-0.17242
-0.13713
0.17607
-0.12982
0.051202
0.0068258
0.068942
-0.022378
-0.027373
0.063005
-0.031673
0.024165
0.14169
0.061909
-0.059475
-0.027621
0.14166
-0.17844
0.031826
0.15468
0.0011385
0.019878
0.096611
0.23077
0.095517
-0.056578
0.00056436
-0.068594
0.0010842
-0.24391
-0.10063
0.05598
0.047803
-0.13309
0.051212
0.020078
0.1045
0.019995
-0.094259
-0.089674
-0.12374
0.023859
0.084566
-0.042539
-0.03236
-0.054866
-0.22004
-0.12631
-0.041638
0.032686
-0.084407
-0.12142
-0.11062
0.07967
0.027735
0.014355
0.07804
0.085744
-0.062564
-0.17229
-0.14578
0.090082
0.047081
-0.13936
-0.041467
-0.006405
0.011802
-0.0061154
-0.083102
0.11035
-0.049988
-0.094944
-0.19613
-0.12757
0.27566
-0.059724
0.14835
-0.052072
0.1022
-0.059434
-0.071102
0.035457
0.015956
0.069437
-0.05046
0.055838
-0.06998
0.082463
0.066336
0.029681
-0.10572
-0.165
-0.060023
0.012419
-0.15368
0.051327
0.16126
-0.047038
-0.014515
-0.1029
-0.0058525
-0.08819
0.10338
0.077009
0.023303
-0.028218
0.16306
-0.2158
0.035223
0.067157
0.0045499
0.13225
-0.078295
0.0060761
0.13649
-0.089554
0.12601
-0.17669
-0.022884
0.14282
0.055064
-0.00052009
0.025777
-0.090645
-0.14967
-0.20868
0.060514
-0.19213
0.039433
-0.1811
0.050257
0.027513
0.016587
-0.038138
0.12564
0.084388
-0.12359
-0.052103
0.041519
-0.037915
0.10747
-0.12593
0.05245
0.072449
0.034524
0.024724
-0.13567
0.16639
-0.013998
-0.12662
-0.098969
-0.14457
-0.093484
0.061114
-0.033026
0.019053
0.080824
-0.06672
0.07573
-0.01858
-0.029645
0.033022
-0.017393
-0.057897
0.17002
0.0048454
0.0021769
-0.040405
-0.14692
0.12516
-0.096266
0.011357
0.0056525
0.11479
-0.025308
-0.081837
-0.056551
0.013719
-0.019066
-0.14716
0.10339
-0.047897
0.25222
-0.0014944
-0.025445
0.0085699
0.022127
0.054759
0.26269
-0.1943
-0.10123
-0.068404
0.0308
-0.037565
0.056242
-0.13904
0.11549
0.026492
0.032984
-0.123
-0.059542
0.01642
-0.076548
0.081568
-0.063537
-0.078865
0.046724
-0.089566
0.096976
-0.15138
-0.073266
0.20344
-0.084931
-0.046653
0.02778
0.035613
0.29286
0.13997
-0.0507
0.066435
0.14214
-0.0049257
-0.2428
-0.030706
-0.12991
0.058473
-0.010841
0.1049
-0.10147
0.11535
-0.11622
0.1513
0.017967
0.11931
-0.14273
0.086346
-0.059427
-0.15387
0.1262
0.04108
-0.0158
0.022819
-0.048415
-0.13616
-0.21119
-0.17163
-0.04695
0.067213
-0.010497
0.013431
-0.045454
0.031267
0.081417
-0.07452
-0.12674
0.054362
-0.064422
-0.22143
0.024642
0.059808
0.070322
0.037073
-0.0079308
0.012339
0.19354
0.0046264
-0.035154
0.13918
0.11572
0.17081
0.096542
0.05586
0.13902
-0.01658
-0.029064
-0.080561
0.17342
0.23485
0.10173
-0.058959
-0.12031
-0.090177
0.0057302
-0.12863
-0.1551
-0.15076
0.04498
-0.204
0.049192
0.042321
-0.10559
-0.094601
-0.057889
-0.063767
0.0847
-0.014347
-0.085153
0.050432
0.098011
-0.17258
0.1204
-0.10298
-0.19448
0.007485
0.11309
0.12239
-0.039314
0.068963
-0.012403
-0.019196
0.11505
0.023871
0.096168
0.048983
-0.06448
0.055091
-0.01543
-0.12251
0.020444
-0.00074153
-0.05242
0.011823
-0.084748
0.19026
-0.15953
-0.15404
0.10513
-0.076744
-0.063954
-0.063805
0.089713
0.011865
0.049703
-0.186
-0.1782
0.021871
-0.18805
0.19003
0.032031
0.13065
-0.17723
0.053215
0.049023
0.11451
-0.034802
-0.13681
-0.071794
-0.052625
-0.032371
-0.021315
0.025404
0.21026
-0.08364
-0.066768
0.22601
0.34787
0.078141
0.0098961
0.30023
0.22894
0.33958
0.38437
0.47264
0.35446
0.55268
0.52953
0.46312
0.63718
0.58437
1.0112
0.76378
0.78092
0.79775
0.83687
0.99606
0.75914
0.84217
1.0391
1.0011
0.94877
1.1149
0.97848
1.0898
0.9984
1.179
1.0816
1.06
0.90288
0.93549
1.0066
0.98305
0.7951
0.94664
0.93317
0.69771
0.73352
0.9669
0.73636
0.64561
0.68876
0.8138
0.69425
0.38707
0.51615
0.36985
0.42419
0.25039
0.46123
0.45012
0.3839
0.35063
0.32574
0.069959
0.050269
-0.087951
-0.19661
-0.14419
-0.23248
-0.14608
-0.23879
-0.20704
-0.39274
-0.31333
-0.37482
-0.60437
-0.6812
-0.76233
-0.63677
-0.60373
-0.60023
-0.78843
-0.76727
-0.98584
-0.61254
-0.89948
-0.81115
-1.0347
-0.94706
-0.82299
-1.0589
-0.90426
-1.0862
-0.91481
-0.93911
-1.0072
-0.81931
-1.1607
-0.94511
-0.8168
-0.95739
-0.90872
-0.98665
-0.86598
-1.1174
-1.0321
-1.0068
-0.98887
-0.60931
-0.64771
-0.85274
-0.71458
-0.89016
-0.75956
-0.6806
-0.58156
-0.45088
-0.46725
-0.48728
-0.31615
-0.41276
-0.28181
-0.095938
-0.36765
-0.22937
-0.24938
-0.25803
0.048363
-0.046148
-0.17017
-0.10241
0.09855
0.064679
0.011265
-0.15852
-0.052041
-0.096231
0.13387
-0.066243
0.085117
0.16954
0.13373
0.062179
-0.12896
0.23241
-0.13216
-0.068623
-0.0016345
0.074667
0.027344
-0.080307
-0.099467
-0.15018
-0.038123
-0.028794
-0.014043
-0.038113
0.050337
-0.01405
-0.058665
-0.027689
0.16396
0.0065049
0.10613
-0.038021
-0.070133
0.13932
0.061194
-0.060336
0.13758
-0.023637
-0.0066369
-0.0050407
-0.015513
0.028354
-0.14308
0.054909
-0.24569
-0.0017073
-0.11238
0.045716
-0.101
0.0868
-0.070262
-0.094273
0.027236
-0.036432
-0.05264
-0.055485
0.084722
-0.049267
-0.011313
-0.059594
-0.017657
-0.078824
0.051581
0.026464
0.084729
0.025338
0.032695
0.019069
0.15474
-0.012695
-0.035968
0.027997
-0.040052
-0.13241
-0.05953
-0.05575
0.046938
0.053232
-0.020823
0.023294
-0.089096
-0.009814
-0.03055
0.069249
0.086393
-0.054894
-0.19301
0.0060742
0.11689
0.11145
0.062719
0.099231
-0.093122
-0.12569
0.04592
-0.015412
-0.11858
0.070586
0.13802
0.026077
0.028013
0.012415
-0.070751
0.0020443
0.085536
-0.11428
0.09537
0.12561
-0.0086297
-0.01149
0.13709
0.047386
0.044453
-0.014975
-0.081616
-0.045133
0.041762
-0.091764
-0.0030747
-0.073604
-0.1341
0.163
0.086953
-0.020625
0.11472
0.0083075
0.04722
0.042932
0.030213
0.0013142
-0.0010974
-0.072334
0.11784
-0.029806
-0.0041782
-0.10734
0.0031312
0.15002
-0.11125
0.072118
-0.14647
0.053605
0.1538
0.012408
-0.11551
0.17189
-0.105
-0.067297
0.043811
0.037506
-0.0076741
0.025309
0.043742
-0.016887
0.02657
-0.03705
-0.052017
-0.051095
0.0078948
-0.101
-0.069853
-0.01205
0.035763
-0.020455
-0.0002453
-0.06298
-0.15214
-0.060375
-0.059243
0.14303
0.10243
0.050968
0.12228
0.0082023
-0.05689
0.085832
-0.067836
-0.078068
0.054239
-0.058169
-0.10421
-0.078699
-0.063733
-0.13713
-0.074222
0.0527
0.2165
-0.058728
0.059861
0.17801
-0.0015834
-0.037948
0.020995
0.020787
-0.08226
0.01137
-0.059269
-0.10972
0.011851
0.089909
0.059776
0.00017467
0.070275
0.10792
-0.01408
-0.03278
0.071165
-0.00083729
0.18687
-0.1296
-0.14934
-0.10628
0.013878
-0.0058095
-0.023808
0.093604
-0.015248
0.051617
0.16275
0.11581
-0.048768
0.22198
0.097198
0.023163
-0.10648
0.17029
-0.01116
-0.011385
0.0029379
0.022603
0.22128
0.13525
-0.0080341
0.15895
-0.03517
-0.10667
-0.045564
-0.060706
-0.012468
-0.0068686
0.082619
-0.070499
0.10002
-0.030637
0.051182
0.18387
0.013595
0.050154
-0.069389
0.0232
-0.078867
-0.017164
-0.070763
0.0090403
-0.088093
0.085712
0.02638
-0.12828
-0.19594
-0.15048
-0.093375
-0.001112
0.038333
-0.121
-0.17928
-0.04983
-0.17092
-0.023967
-0.11564
0.04447
-0.063905
0.0066404
-0.096495
0.1735
0.008589
-0.02769
-0.13265
0.034016
-0.10945
-0.11677
-0.070734
-0.066524
-0.062213
0.16606
0.064814
0.13562
-0.2679
-0.027661
-0.014984
-0.032286
0.16486
-0.051739
-0.081028
0.031798
-0.12451
0.16273
0.10099
0.23307
0.055427
0.020457
0.12386
0.013526
-0.001946
-0.094396
-0.07742
-0.0037043
0.066192
0.097841
-0.065496
-0.047261
-0.088411
-0.12485
0.02924
-0.029845
0.1336
-0.043119
0.0874
-0.051167
0.045161
0.12305
-0.018564
0.021772
-0.26332
-0.047143
0.019991
0.011033
0.16622
0.034058
-0.00016443
0.05221
-0.12927
-0.046785
0.049658
-0.023293
-0.23938
0.072308
-0.13684
-0.12627
0.042563
-0.024298
-0.077938
-0.15796
-0.062231
-0.21873
0.035474
-0.0075327
-0.13057
-0.019739
0.29371
0.022323
0.039846
0.16102
0.038616
0.00097078
0.00725
0.031919
0.10709
0.030083
0.11722
-0.010941
0.082724
-0.051983
0.085303
-0.11751
-0.04544
-0.050611
0.18037
-0.10127
-0.12403
0.026656
-0.12078
-0.10501
0.097516
0.12946
0.28555
0.23936
0.3942
0.37932
0.51016
0.40727
0.23192
0.42059
0.50379
0.59029
0.56535
0.70445
0.71343
0.91944
0.63105
0.79152
0.78442
0.97533
0.92815
0.97849
0.90781
1.029
1.1066
0.89884
0.88928
0.99551
0.92602
1.1218
0.97254
0.88836
1.003
0.90989
0.83317
1.0078
0.89771
0.97557
1.036
0.89322
0.81084
0.88178
0.90898
0.83263
0.7547
0.71778
0.5875
0.638
0.60803
0.63155
0.60719
0.50677
0.35942
0.25583
0.35639
0.27796
0.26574
-0.034243
0.21344
0.13223
0.041571
-0.039692
0.0088185
-0.079149
-0.22308
-0.20012
-0.34615
-0.3772
-0.19443
-0.58119
-0.56249
-0.22029
-0.51947
-0.53164
-0.47635
-0.84549
-0.51291
-0.61877
-0.86344
-0.81798
-0.77708
-0.93522
-0.93835
-0.94973
-0.93381
-1.0028
-0.89417
-0.95867
-0.84141
-1.064
-0.89812
-0.94482
-0.93569
-1.0078
-1.0031
-1.122
-0.8622
-0.98709
-0.91457
-0.86328
-0.94402
-0.88127
-0.91788
-0.73156
-0.91168
-0.66063
-0.65462
-0.57727
-0.6603
-0.50676
-0.61811
-0.58712
-0.57145
-0.43983
-0.48188
-0.40021
-0.37262
-0.32068
-0.46336
-0.22485
-0.32225
-0.068942
0.023337
-0.069741
0.06917
0.042789
0.001239
0.17559
0.077168
-0.0031125
0.070127
0.064984
0.16843
-0.13898
0.072904
0.020378
-0.090414
-0.16584
-0.089092
-0.0095776
0.04085
0.067386
-0.031735
-0.023122
0.067517
0.083125
0.12022
-0.18981
-0.12075
0.028613
0.10513
-0.089575
-0.029006
-0.04559
-0.0067304
-0.045279
0.075751
-0.15502
0.20213
-0.13637
0.10088
0.11574
-0.016657
0.017994
-0.044885
0.078508
0.032049
0.023096
0.085975
-0.0084905
0.12015
-0.0023327
0.069358
0.0076699
0.051503
0.018114
0.058882
-0.04196
0.11983
-0.033767
0.036772
-0.11358
0.13806
0.084611
-0.029986
-0.088634
-0.037772
0.038201
0.042905
0.067513
-0.055145
0.0041638
-0.016763
-0.061591
0.083676
0.036016
-0.033965
-0.039886
-0.0028131
-0.069522
-0.089398
-0.0070231
-0.039429
-0.029155
0.044734
0.17542
-0.081576
0.18713
0.013456
-0.067643
0.064947
0.039216
-0.054153
0.012658
-0.14336
-0.25611
0.030415
-0.10833
0.06348
0.060291
0.10182
0.064606
0.077143
-0.027783
0.22408
0.026779
0.039959
0.13195
-0.10434
0.30315
-0.12161
0.1427
0.13355
-0.066764
-0.19715
-0.091386
0.016004
0.046476
0.03158
-0.047079
-0.0058319
0.17899
0.042952
-0.021091
0.0018799
0.095701
-0.031752
0.083674
-0.080309
-0.071093
-0.080069
-0.18163
0.1429
0.12393
-0.06849
0.052728
0.13547
-0.085518
-0.097828
-0.041437
0.097628
0.028623
-0.016005
0.11014
-0.10965
-0.10486
0.0018839
0.037282
0.031378
-0.094409
-0.040912
-0.025444
0.018958
0.015221
0.021973
-0.074604
0.056204
0.10497
-0.019879
-0.034435
0.050485
-0.082698
0.17386
-0.078759
0.002235
-0.078341
-0.044915
-0.015596
0.10223
-0.041011
-0.0032149
-0.016095
0.12
-0.20106
0.056477
0.0077795
-0.14579
0.0028888
-0.0073353
-0.0027222
0.061654
0.0014977
0.069067
0.17191
0.069548
-0.012087
-0.070777
0.18418
-0.038175
0.1049
0.085535
0.067598
0.03899
-0.056866
0.076934
-0.011495
0.0019709
-0.0032418
-0.045265
-0.11911
-0.041852
0.12377
0.20043
-0.0039978
0.063314
0.043327
-0.16543
0.018818
-0.091185
-0.15916
-0.070118
0.16813
0.0091219
-0.10744
0.071617
0.04917
-0.030947
0.055934
-0.028434
-0.12746
-0.12579
-0.01366
-0.095836
-0.052417
0.0053023
0.01448
-0.15655
0.03132
-0.0093093
0.064421
0.085534
-0.13168
0.063482
0.015759
0.13011
0.01884
-0.073877
-0.20463
-0.1019
-0.12079
0.015469
-0.13467
-0.13989
0.014188
0.1906
-0.086766
-0.15963
-0.23202
-0.088567
0.054115
-0.01731
0.0021727
0.067809
0.14642
-0.19276
-0.043089
-0.07305
-0.067986
-0.25737
-0.1306
0.12012
0.068702
0.0091124
0.071342
-0.13725
-0.015595
-0.037259
0.074936
0.14814
-0.087395
0.10854
0.0056387
0.12792
0.098538
-0.093272
0.19151
-0.14392
0.021488
0.15819
-0.1505
-0.033421
-0.038716
0.015993
0.058325
-0.028464
0.043856
0.2175
0.15545
0.17306
0.054712
-0.068993
0.037107
0.067908
0.10338
0.075788
-0.060123
-0.12914
-0.1361
-0.054779
0.050672
0.15476
-0.0094606
0.092339
-0.12251
0.13386
0.0076963
0.1243
0.063709
-0.06459
-0.097366
-0.2308
-0.011481
-0.014919
-0.039518
0.091461
-0.0012175
0.068899
0.076094
0.027099
-0.088573
0.0574
-0.042585
-0.145
0.097398
0.24461
-0.079887
0.0016135
0.12323
-0.21316
-0.1924
-0.024661
0.10477
0.33877
0.32124
0.10166
0.064108
-0.057226
-0.17824
-0.0097692
0.017827
0.0097844
0.16571
0.011138
0.16018
0.077009
0.080764
-0.14051
0.079413
0.065696
-0.069896
0.038272
0.04539
0.055144
0.072276
0.11698
0.0080642
0.054286
0.0010722
0.098598
-0.059723
0.1053
-0.12154
0.08844
-0.013849
0.030856
-0.034249
-0.012682
0.031648
0.086802
0.088554
0.035197
0.12544
0.037409
0.12201
0.18975
-0.11789
-0.1128
0.12492
-0.015155
0.047717
0.20715
0.037304
0.054163
0.21034
0.26949
0.35165
0.39777
0.25181
0.42005
0.46124
0.29467
0.43976
0.6893
0.54131
0.71324
0.54889
0.78823
0.87893
0.93495
0.80512
0.77633
0.97623
0.91448
0.9435
1.077
1.1507
0.89202
0.93954
1.0034
1.0658
1.1342
1.0555
0.95201
1.0887
1.0377
0.95187
1.0135
0.95792
1.1013
0.87272
1.001
0.96728
0.76746
0.85881
0.8486
0.88852
0.55931
0.57075
0.62819
0.33465
0.37631
0.30447
0.51037
0.33133
0.64751
0.38052
0.33213
0.18531
0.12016
0.18265
0.16865
0.14593
0.086877
0.0080909
-0.15391
-0.20391
-0.33857
-0.31281
-0.30805
-0.53348
-0.48123
-0.52606
-0.51959
-0.60396
-0.64442
-0.78225
-0.80484
-0.85424
-0.72792
-0.74754
-1.0081
-0.96099
-0.91128
-0.84348
-0.89805
-0.8517
-1.0894
-1.0337
-1.1146
-0.97951
-1.0763
-0.92249
-1.1689
-0.99065
-1.2111
-1.0794
-0.9874
-0.92826
-0.92093
-1.1135
-0.8717
-0.81786
-0.95419
-0.74704
-0.877
-0.87556
-0.74006
-0.65911
-0.64273
-0.6216
-0.55295
-0.60232
-0.46033
-0.42308
-0.59641
-0.45226
-0.2529
-0.33552
-0.31225
-0.22699
-0.058598
-0.22681
0.027436
0.079997
0.05099
-0.065111
-0.1129
0.091047
0.041019
0.012216
0.018091
0.040787
0.036581
0.11971
0.066269
0.0087473
0.097913
0.18967
0.025218
0.098862
-0.10911
0.11491
-0.056757
-0.033695
0.068413
-0.040717
-0.21796
-0.19852
-0.13852
0.054621
-0.04981
-0.033225
-0.10755
0.18782
-0.024181
-0.080657
0.025847
-0.15718
-0.05222
0.0098982
0.20897
0.029873
0.031343
0.077858
0.10396
-0.053543
0.035691
-0.16948
0.04746
-0.11322
-0.016203
0.020611
-0.084558
0.12766
-0.051551
-0.063193
0.067818
0.13186
0.017745
-0.10526
0.10418
-0.075425
-0.20254
-0.099381
0.15417
0.20596
0.021559
0.0092453
-0.17801
-0.17966
0.074998
-0.024971
-0.078049
-0.052223
-0.047277
-0.012408
-0.10929
0.020904
0.027832
0.082525
-0.05023
0.15889
-0.033145
0.053682
-0.04574
0.17073
-0.047674
0.092813
-0.035641
0.09449
0.10912
-0.015976
-0.033399
-0.056206
-0.01908
-0.043256
-0.18803
-0.027138
0.029138
-0.075276
-0.064402
-0.060684
-0.0039942
-0.081844
-0.12449
0.15432
-0.05574
0.054163
-0.11719
0.19764
0.00092605
0.11649
0.077127
-0.00083183
0.031478
-0.062207
0.011303
0.085583
-0.053551
-0.056985
-0.020484
0.076044
-0.098511
-0.1051
-0.029089
-0.026484
0.069013
0.10774
-0.10665
-0.19046
-0.15708
-0.11983
-0.12894
-0.0087524
-0.04126
0.16051
0.07381
-0.0026056
-0.12388
0.0157
0.034633
0.044459
-0.036762
-0.10017
0.1568
-0.054958
0.0043437
0.069352
0.0026361
-0.076754
0.16356
-0.27865
0.047041
0.15058
-0.01339
-0.011311
-0.06175
0.24319
0.16223
-0.0033384
-0.025417
-0.081862
0.15375
-0.16065
-0.086622
-0.043837
-0.10896
-0.12208
0.070743
-0.0069864
-0.048631
-0.025662
-0.010698
-0.094887
-0.021128
-0.086031
0.080873
0.048925
-0.034719
0.033116
-0.085172
-0.061065
-0.062118
0.020705
0.0053434
-0.2028
-0.098029
-0.048799
-0.021526
-0.051345
0.065439
0.12959
0.10071
0.038695
0.10825
0.11826
0.055483
0.19956
-0.025286
0.034802
-0.045511
-0.063571
-0.097986
-0.076149
-0.12835
-0.030125
-0.070723
0.1557
0.052793
-0.19343
0.11687
-0.053418
-0.15779
0.053117
0.12251
0.029169
0.040393
-0.079831
-0.014949
-0.0098311
-0.023104
0.073319
-0.077298
-0.032231
-0.044752
0.041501
0.12591
0.17764
0.20916
-0.10046
-0.073113
0.19421
0.037536
-0.055279
0.14012
-0.15537
-0.046398
-0.093772
0.11189
0.19568
0.074188
0.14971
0.15635
0.06966
-0.05085
0.09079
0.033006
-0.112
-0.055852
0.14958
-0.11525
0.03238
-0.076135
0.056
-0.098424
-0.12566
0.022173
-0.088611
0.13092
0.052114
-0.034122
-0.034656
-0.19982
-0.0010512
0.21838
0.030775
-0.10244
0.033472
0.072875
-0.13228
0.052679
0.14282
0.022815
-0.030053
-0.10143
0.0070128
-0.10109
-0.033206
-0.04165
-0.0047305
0.046551
-0.042129
0.006963
-0.17138
0.10023
-0.099138
-0.028072
0.016987
0.08949
-0.080102
0.0026822
-0.058776
-0.1087
-0.0036335
-0.017056
-0.0040717
-0.10305
-0.051447
0.033315
0.069452
-0.027043
0.19901
-0.10164
-0.13406
0.16348
-0.092742
-0.018909
-0.099147
-0.11735
-0.077347
-0.016288
-0.044774
0.086721
-0.04185
0.12691
-0.082238
-0.15595
0.029489
0.13203
-0.023277
0.12354
-0.024345
-0.063269
-0.12384
0.10707
-0.12958
-0.032623
-0.07793
-0.077321
-0.028369
0.014333
0.023604
-0.084445
0.034079
0.051499
-0.014024
-0.022725
-0.12092
0.031034
0.16462
0.074914
-0.0115
0.057649
0.01851
0.057288
0.012327
0.00095608
0.15898
0.012317
0.063842
0.077803
0.1327
-0.015564
0.062848
0.0065594
-0.048296
-0.010225
0.060433
-0.074714
0.15833
0.18838
-0.072904
-0.03469
0.046162
0.040288
0.1385
-0.00714
0.15942
-0.0835
0.0080347
0.032349
-0.09669
0.0059189
-0.026517
0.085769
0.054569
0.18538
0.09961
0.010289
